341.5 305 126.5 275 280
353.5 352.5 293.5 302.5 271
396 298.5 291.5 292.5 277.5
389 354.5 235 297 363
378 316 299.5 332.5 305
371 371.5 285.5 208 299
321 239 346.5 263 199.5
293.5 349.5 240 229.5 358.5
222.5 330 213 352 346
318.5 396 174 390 311.5
332 329.5 212 293.5 334.5
311.5 283 287.5 258.5 361
341 304.5 353.5 368.5 358
386 344.5 327 318.5 325.5
325.5 284 286 360 344
434.5 262 272.5 276.5 330.5
247.5 391.5 256.5 253 265
351.5 254.5 254 400.5 290.5
342 313 348 260 238
257 230.5 260.5 343 375
372.5 283.5 370.5 298.5 169.5
332.5 238 268.5 208 246.5
304.5 388 388.5 367 349
243 318.5 331.5 374 331
281.5 292 379.5 386.5 230.5
394.5 285 346 293.5 225.5
344.5 280.5 347.5 280.5 382
236.5 355 373.5 345.5 381.5
370 411 238.5 320 281
280.5 229.5 311.5 344.5 311.5
277.5 401 375 341 209.5
261.5 356.5 320.5 233.5 371.5
199.5 347.5 135.5 370.5 453
305.5 230 353.5 349 295
309 189 318 346.5 283
370.5 363 364 363.5 211.5
280.5 356.5 295 314.5 331
327.5 189 369.5 167.5 245.5
250 266.5 405.5 337.5 364.5
301.5 356 350.5 213.5 327.5
233.5 231 291.5 276 210
298 235.5 330.5 292.5 286
307 307 298 355 248.5
354.5 300.5 250.5 284 321.5
251.5 245 347.5 327 445.5
321 312 326.5 326.5 286.5
404 394.5 325.5 398.5 251.5
248 264 278.5 330.5 260.5
318 349 220.5 325.5 253
254 115 325.5 299 334.5
299.5 360.5 409 278.5 315
320 287.5 281.5 210 343.5
314 426 366 364 292.5
354 389.5 275 368.5 301.5
295.5 331 325.5 338 244
317.5 336.5 352 273 326
337 377.5 330 326 365
335.5 315 311 352 361.5
323.5 348.5 360 368 324.5
337.5 366.5 265.5 345.5 375
315 274.5 282 279 309.5
265 302.5 151 360.5 342
303 362.5 355.5 388.5 417
371.5 331.5 310.5 316.5 329.5
330.5 302 357 133.5 330
339.5 322.5 382 180 329
265.5 343 381.5 276.5 387
199.5 332 339 335 149
268.5 300 363 307 234
284 329 323 389.5 334
294.5 292.5 318 257.5 231.5
429 293 340 292 359
338 364 284 267.5 312
358 254 283.5 229.5 354
312 278.5 280 251.5 333.5
269 339 296.5 268.5 349
286.5 334 386 295 383
328.5 338.5 335 389 161
395.5 229.5 300 315.5 349.5
352.5 326.5 259 313.5 220
294.5 297 329.5 295.5 318
338 382 303 373.5 277
303.5 351.5 334.5 342.5 329
352.5 391.5 344.5 322 360
339.5 290 345 287 367
321 387 287.5 308 358.5
274 281 296 326 272.5
262.5 183.5 275 387.5 349
321 284 353.5 346 339
324 342 112.5 340.5 347
377 348 281.5 380 382.5
340.5 369 297.5 419.5 275.5
354 245 276 387.5 357.5
408 407.5 250 301 320
331.5 317 397 330.5 331
342 303 331.5 293.5 356.5
283.5 276.5 298 312.5 389
381 327.5 421 361.5 296
251 263 314 360 262.5
303 322 348.5 345.5 366
402.5 325.5 295.5 381 300
270 329 328.5 268.5 149
373 330.5 280.5 394.5 257.5
325 344.5 312.5 284 427.5
320.5 321.5 318.5 346 321
316 254.5 334 391 254.5
368.5 296.5 351.5 369 374.5
264 365 328.5 331 237
314.5 363 300.5 340.5 294
380.5 339 331 272.5 257.5
413.5 311.5 356 298 267.5
349.5 396 302.5 336.5 413
258 305.5 373 281.5 327
357.5 304 199 406.5 274.5
345 373 339 312 279.5
275.5 357 233.5 270.5 268
225.5 316 251.5 347 370
375 315 352.5 370.5 393.5
390 305.5 273.5 346.5 381.5
386 340.5 284 318 351
360.5 295 257.5 343 263
226.5 395.5 320.5 308 393.5
359.5 210 302 429.5 330.5
363.5 216 355 317 328.5
325.5 333 296 310 315.5
340 297.5 354.5 247.5 325
328.5 313 289.5 237 304
359.5 361.5 395.5 304.5 288
262.5 349.5 295.5 317.5 313.5
361 330 283 330.5 316
326 321.5 336.5 352 410.5
371.5 400 282 336 409
313.5 337 326 296 262.5
285.5 291 298.5 371.5 355
270 311 327 396 381
254 391.5 352.5 322 373
308.5 364 338.5 353.5 320.5
287.5 318.5 353.5 322.5 344
305.5 293.5 299 203.5 319
389 298 333 335.5 273.5
341.5 163 286.5 319 302.5
339 215 343.5 313.5 346.5
298.5 309 321 294.5 308.5
298.5 223.5 392 300 297
274.5 183.5 363 204 419
324 324 337 283.5 308.5
313 297.5 359.5 276 348.5
372 333 300 342 362
427.5 443 256.5 261 352.5
273 252.5 327.5 312.5 168
383 359.5 409 286 292
317 259 339.5 179 234.5
296 349 419 321 347.5
343 323.5 309 306.5 352.5
308.5 283 245.5 320 342
327.5 295 291.5 403.5 352
288.5 324 307 328 265
320 350 383 327 370.5
265 377.5 337 305.5 314.5
329.5 296 360 378.5 302
370 263.5 339 401.5 311.5
244.5 335 283 279 284
258.5 271.5 253 283 161.5
281.5 341 357 390 343
379.5 343.5 255.5 276 362.5
337 389 319 327.5 306
196 339.5 265 189 332.5
357.5 287.5 336.5 357.5 301
352.5 279.5 313 322 365.5
329 269.5 303.5 289 294.5
227.5 345 323 228 250.5
337.5 300.5 267.5 367 425
304 364.5 308.5 395 323
333 325 357 337 362
310 337.5 219.5 282 296
355 323 309 374 324
300.5 280.5 242 330.5 292.5
283.5 323.5 330.5 97 344.5
306.5 328 331.5 256 259
294 297.5 286.5 350 377.5
280.5 305 364.5 284 368
375.5 259 265.5 238.5 333.5
207 304.5 285 322 266.5
335 251 340.5 273 356.5
368.5 352 300 294.5 374.5
207.5 307 184.5 385.5 328
253.5 347.5 325 216.5 360.5
296 277 267 224.5 329.5
387.5 266 381 314 293.5
397 289.5 261 283 249.5
273.5 390.5 277 367.5 163.5
354 314.5 361.5 461.5 320.5
397.5 386 352.5 304.5 381.5
313 274.5 319.5 306 369
379.5 232.5 332.5 273.5 276
305 327.5 353.5 298.5 258.5
336.5 362.5 267 287 396.5
302.5 267 266.5 348.5 279
351.5 283 319.5 336.5 290
366 302 350.5 395 374
