32278 33487 32389 34009 37359
30582 30199 29634 31965 29658
28940 31851 34379 31643 39477
28035 29801 34436 34269 34688
28900 40658 28906 18450 30431
31335 37149 24201 32022 36496
32199 27375 29754 26523 24563
30941 34606 33499 26940 25229
35402 29954 30988 25722 28165
25353 33994 24877 26415 30460
30391 31008 24693 29674 35684
30703 31167 38873 21434 29304
34318 34260 26549 29892 35604
26819 35261 28831 32103 28086
37682 35124 28170 31115 27150
25203 25428 30267 23272 35375
23005 33521 33123 36664 28055
27977 38537 34756 31797 32791
33331 24189 27247 31205 34473
40109 24390 26243 31613 27879
34466 35008 30754 32726 37404
26851 27172 27165 24884 32225
30472 35640 36726 33180 25444
34810 31842 29724 27932 32332
32804 32133 29390 30359 29032
35077 29128 30492 27454 28587
33413 29196 30515 32905 29068
33828 24964 25587 31816 35313
30928 31551 27230 28746 24645
35497 30064 30136 28179 27726
33453 28612 28756 32754 35199
34729 28315 30547 27239 39977
30240 26968 28236 28490 33699
27955 33332 22751 30480 29330
34256 23048 28158 26968 33756
33912 28492 25789 32287 30802
32138 34846 28461 29280 30360
32867 26332 32183 37875 23483
26265 31730 26890 31368 23275
29095 28910 27747 31167 26907
35280 29096 27142 28065 33542
32870 26871 32534 38744 31401
34110 26326 34328 31883 29696
23525 30080 33282 27876 32633
34287 27835 30652 30595 31343
31934 27504 26190 29797 35674
27361 26111 25869 30439 32233
26253 25806 32419 37924 38744
29727 33327 27369 25824 27703
27587 29016 35366 20416 25151
35831 25832 28644 30604 29579
24854 25831 29759 27753 26882
30996 30545 29921 26042 21986
33385 24685 33866 28966 33632
30671 33415 36170 30402 34637
26497 30766 32477 35473 20376
26234 36725 33070 34041 33419
30388 31187 31914 30557 25664
27856 38385 30229 28021 30025
22988 29869 31932 30048 30531
36277 33872 29512 26277 33487
34572 22399 25621 34598 31004
27210 26247 21498 28220 32650
36481 34502 22047 30479 29911
28836 27360 32540 27948 27046
28179 31566 18268 29491 28782
31658 31986 33905 31392 30822
27865 30109 22236 24807 30247
29154 34507 34266 29505 26416
25043 26939 31020 25616 30367
32870 30958 32223 23195 30594
20330 36892 29543 32396 36615
29855 32308 29901 28424 34282
22581 34130 32239 29510 29734
25505 27594 32633 32708 30209
19795 31234 23846 20064 33431
33642 25953 30959 34256 29716
22509 28513 20126 35018 27610
15055 32096 40459 31464 27465
20972 36574 28523 34005 25771
31606 26689 30357 33054 38628
29724 32104 30209 22720 24743
29106 29119 30133 20913 30884
31983 33198 26139 35195 29765
37070 29751 27130 27660 26097
29662 22113 29483 34372 32877
27111 28216 35160 36799 33227
24101 32259 28704 32583 32044
30638 24044 34734 30287 27225
30126 25188 30122 26801 25228
23968 26598 30419 36732 33400
35062 25825 30705 30852 28069
28340 26227 30901 25060 40241
29209 28394 32669 27606 26417
35812 24651 33902 32112 28475
23082 24074 30304 36187 33599
35120 35453 31045 31263 27546
28437 26996 32367 38286 31462
31318 38546 32541 30177 33862
25506 33631 34238 37847 32978
36038 32388 26440 31253 31395
28319 39139 32273 38633 36235
31024 33718 31883 25458 31026
34775 29076 29047 33986 29530
27250 33418 29734 27290 27857
30784 27220 30797 34119 35456
32351 25234 31086 30599 31755
23127 28801 29871 35142 32812
34998 24779 35579 32069 29689
37831 34001 32728 31467 35635
38485 27210 31180 37454 30389
40204 30482 35657 30552 33531
35583 26921 26424 33909 28142
36037 36248 28047 38578 32460
31857 28420 31783 32446 32313
25321 25305 38535 31496 33241
30660 33437 41942 33417 29663
32906 30916 36766 32305 32785
29365 29190 29224 26595 26283
27235 27106 30694 32062 23981
30579 28816 15657 28401 27059
32972 25028 34910 31389 35974
29343 34023 27692 30629 32260
28574 29476 23715 28884 29898
30148 28496 36035 28548 29700
28392 28021 34110 34558 29513
32336 31459 33594 33795 32543
29392 28413 20498 30440 34977
33991 26497 38272 33423 28340
28039 22429 31108 34006 29611
30231 32965 27119 34804 34067
29791 30253 34616 34723 35863
26312 32851 31202 29177 22650
29382 32560 32545 28420 27654
33091 30509 29742 30783 35589
33890 31949 29323 33645 34649
34638 20408 28596 29758 27731
34926 27776 22699 34519 24024
28107 27063 33319 30688 34833
29418 32613 29549 31205 30882
29851 39132 28415 36218 31378
33875 37826 34309 21981 22846
33080 33567 35995 29891 36830
29572 24452 32734 20412 37032
29876 29577 34912 33755 23492
28127 30888 33619 27489 30426
30353 21021 33100 35628 27696
32500 36048 32436 37071 37181
32825 37170 30633 33774 23209
39831 34160 27713 28767 35471
32198 25597 31530 32697 21822
30288 34466 31481 28244 33414
42624 26096 38782 31965 30942
38150 24128 24984 39446 27795
36295 33910 34989 27622 38805
30630 31272 27820 35843 19217
32646 31763 28824 34796 31716
25859 35147 32305 25352 32888
31153 33517 30538 30806 25557
29003 34352 30585 32689 33604
29019 30457 23530 25699 35682
28853 28298 26076 29087 28035
33950 28723 28114 30828 30540
28558 31100 29990 29951 35771
34741 32059 19032 29300 30443
32188 35549 31217 35603 33388
26205 28376 29203 27149 35146
30549 17297 22262 30030 28160
34491 33474 33633 31108 32985
32552 28637 30882 30882 30877
33554 35275 38480 26934 32268
28347 31308 37328 37184 25777
31671 29441 31722 29237 30654
30245 25665 28459 23882 25612
32964 32471 30820 22598 29355
35924 30387 32069 31955 36326
31840 28896 32039 29794 33691
29069 33806 29616 30633 28426
30618 30521 26535 35589 26098
29578 30534 32750 36149 27335
21799 38407 35075 33068 29083
35221 31867 38244 37238 31710
36604 30090 30625 35411 32846
33625 30515 32410 19867 34036
33729 29421 30764 29385 34631
31318 31411 20723 32265 31996
28047 33361 31228 19507 29913
26037 20981 32912 24820 29962
31249 25044 33101 28050 33380
35688 29973 32955 37315 36067
33706 32431 24799 29488 38747
32080 24895 28375 36703 32614
35590 34140 28952 28986 35154
35700 30657 29134 32097 30308
37981 30747 26531 25447 31906
27795 29863 23842 34642 33503
32937 33088 32501 30906 24832
18300 32844 32991 34666 33559
29696 27397 32341 27914 26582
26472 30283 28374 25040 30910
